100
1.9047395
1.8179340
1.3343767
0.9032347
0.9097831
1.2566673
1.4634951
1.1873980
0.5952924
0.1835209
0.2550280
0.6307510
0.8871286
0.8204375
0.6178505
0.5879708
0.8060376
1.0798505
1.2229600
1.2634835
1.3412104
1.4649012
1.4759058
1.2789485
1.0289025
0.9916059
1.2111668
1.3994248
1.2337330
0.7519975
0.3713905
0.4617470
0.9294339
1.2908731
1.1797356
0.7376161
0.4564972
0.6479056
1.1225128
1.4164791
1.2897686
0.9432757
0.7505955
0.8483365
1.0463151
1.1073753
1.0222196
0.9608864
1.0108582
1.0654854
1.0031081
0.9000077
0.9653883
1.2517526
1.5156243
1.4534334
1.0710538
0.7355924
0.7967301
1.1804780
1.4327400
1.2001530
0.6281966
0.2260788
0.3350986
0.7804428
1.0804089
0.9674548
0.6454661
0.5272756
0.7799708
1.1858997
1.4293950
1.4362193
1.3815504
1.4140251
1.4723719
1.4122532
1.2435955
1.1401636
1.1941823
1.2451939
1.0450567
0.5927411
0.2172319
0.2527205
0.6480560
0.9780423
0.8889643
0.4987237
0.2903102
0.5937845
1.2212578
1.6586938
1.6019587
1.2497770
1.0514728
1.2156148
1.5245798
1.6219226