100
0
0.049979169
0.099833417
0.149438132
0.198669331
0.247403959
0.295520207
0.342897807
0.389418342
0.434965534
0.479425539
0.522687229
0.564642473
0.605186406
0.644217687
0.68163876
0.717356091
0.751280405
0.78332691
0.813415505
0.841470985
0.867423226
0.89120736
0.91276394
0.932039086
0.948984619
0.963558185
0.975723358
0.98544973
0.992712991
0.997494987
0.999783764
0.999573603
0.996865028
0.99166481
0.983985947
0.973847631
0.961275203
0.946300088
0.928959715
0.909297427
0.887362369
0.863209367
0.836898791
0.808496404
0.778073197
0.745705212
0.711473353
0.675463181
0.637764702
0.598472144
0.557683717
0.515501372
0.472030541
0.42737988
0.381660992
0.33498815
0.287478012
0.239249329
0.190422647
0.141120008
0.091464642
0.041580662
-0.008407247
-0.058374143
-0.108195135
-0.157745694
-0.206901972
-0.255541102
-0.303541513
-0.350783228
-0.397148167
-0.442520443
-0.486786649
-0.529836141
-0.571561319
-0.611857891
-0.650625137
-0.687766159
-0.723188124
-0.756802495
-0.788525254
-0.818277111
-0.845983701
-0.871575772
-0.894989358
-0.916165937
-0.935052578
-0.951602074
-0.965773061
-0.977530118
-0.986843859
-0.993691004
-0.998054439
-0.999923258
-0.999292789
-0.996164609
-0.990546536
-0.982452613
-0.971903069
-0.958924275